	Acrchr1.aa	AcreTS7_1.aa	Annmae1.aa	Anntru1.aa	Astsub1.aa	Beaba1.aa	Bisma1.aa	Bismed1.aa	Chafu1.aa	Chame1.aa	Chathe1.aa	Colab1.aa	Colac2.aa	Colca1.aa	Colce1.aa	Colch1.aa	Colco1.aa	Colcu1.aa	Coler1.aa	Colfa1.aa	Colfi1.aa	Colgl1.aa	Colgo1.aa	Colhig2.aa	Colin1.aa	Collu1.aa	Colme1.aa	Colna1.aa	Colny1.aa	Color1.aa	Colorb1.aa	Colpa1.aa	Colph1.aa	Colsa1.aa	Colsi1.aa	Colso1.aa	Colsu1.aa	Colsub1.aa	Colta1.aa	Colto1.aa	Colzo1.aa	Cormi1.aa	Crypa2.aa	CtCBS203_1.aa	Cylol1.aa	Daces1.aa	Dacma1.aa	Dalba1.aa	Dalloc1.aa	Dalver1.aa	Diaam1.aa	Escweb1.aa	Fusgr1.aa	Fusoxalb1.aa	Fustri1.aa	Fusve2.aa	GCA_001625285.1.aa	GCA_004920355.1.aa	GCA_005350895.1.aa	GCA_006783085.1.aa	GCA_009806415.1.aa	GCA_011075155.1.aa	GCA_011800055.1.aa	GCA_014235925.1.aa	GCA_014235935.1.aa	GCA_014235945.1.aa	GCA_014235955.1.aa	GCA_018906675.1.aa	GCA_018906765.1.aa	GCA_018907675.1.aa	GCA_025327125.1.aa	GCA_025327135.1.aa	GCA_025327145.1.aa	GCA_025327155.1.aa	GCA_025327165.1.aa	GCA_025328335.1.aa	GCA_025328345.1.aa	GCA_025328355.1.aa	GCA_025328625.1.aa	GCA_025328985.1.aa	GCA_025329375.1.aa	GCA_025329385.1.aa	GCA_025330015.1.aa	GCA_027942835.1.aa	GCA_027942845.1.aa	GCA_029226625.1.aa	Grocl1.aa	Hyparg1.aa	Hypcer1.aa	Hypfus1.aa	Ilyeu1.aa	KdCBS826_1.aa	Metac1.aa	Micbo1.aa	Mictri1.aa	Neodi1.aa	Ophpic1.aa	Plecuc1.aa	Porpun1.aa	Pseve2.aa	Roster1.aa	Seagrass.aa	Sorhu1.aa	Stael1.aa	Triaru1.aa	Trihar1.aa	Tripar1.aa	Truan1.aa	Verda1.aa	Xyllon1.aa
Acrchr1.aa	7447	6699	6484	6457	6410	6349	6449	6426	6258	6354	5583	6814	6744	6694	6716	6379	6803	6775	6712	6664	6711	6432	6781	6727	6502	6773	6804	6671	6733	6755	6638	6797	6774	6695	6731	6718	6699	6620	6797	6419	6725	6135	6104	6469	6851	6850	6891	6428	6461	6450	6103	5644	6838	6793	6784	6935	6264	6682	6353	6584	6746	6741	6610	6722	6818	6829	6823	6581	6592	6595	6438	6480	6471	6475	6484	6456	6476	6449	6469	6471	6438	6436	6466	6521	6521	6646	5692	6510	6474	6500	6902	6502	6341	6514	6570	6727	5980	6621	6340	6492	6430	6559	6211	6797	6332	6606	6333	6629	6483	6512
AcreTS7_1.aa	6699	7914	6634	6610	6593	6522	6648	6625	6381	6510	5617	7201	7113	7002	7056	6627	7173	7124	7045	6984	7061	6799	7165	7102	6787	7153	7158	6967	7097	7090	6960	7149	7154	7038	7079	7058	7038	6948	7177	6752	7055	6294	6316	6697	7235	7249	7284	6570	6610	6611	6326	5685	7138	7250	7206	7283	6575	7032	6656	6892	7125	7100	7001	7082	7178	7186	7180	6918	6932	6946	6760	6803	6787	6797	6810	6774	6800	6779	6794	6790	6768	6751	6782	6847	6839	6931	5837	6701	6657	6692	7325	6695	6492	6825	6922	7049	6119	6952	6471	6705	6604	6859	6284	7147	6487	6813	6436	6974	6731	6726
Annmae1.aa	6484	6634	8909	8501	7411	6542	7710	7640	6713	6870	5862	7466	7384	7271	7333	6850	7448	7403	7351	7263	7348	7091	7415	7357	7019	7428	7443	7255	7374	7362	7235	7441	7415	7300	7362	7312	7325	7211	7436	6984	7334	6304	6812	7746	7189	7196	7254	8034	8128	8093	6766	5752	7097	7162	7148	7303	6808	7286	6873	7125	7435	7366	7295	7326	7480	7478	7466	7202	7211	7221	7028	7057	7064	7077	7061	7049	7074	7042	7066	7056	7011	7008	7044	7112	7091	7218	6124	7635	8141	8217	7267	7601	6502	7144	7226	7057	6410	7014	7194	7465	8428	7099	6681	7206	6583	6933	6556	7629	6813	7676
Anntru1.aa	6457	6610	8501	8905	7391	6516	7697	7618	6695	6845	5853	7435	7361	7238	7307	6811	7410	7366	7302	7230	7316	7057	7395	7305	6975	7393	7413	7210	7342	7319	7187	7413	7390	7271	7333	7279	7284	7171	7404	6939	7297	6266	6801	7738	7142	7163	7207	8031	8119	8075	6725	5721	7041	7123	7080	7251	6772	7236	6837	7086	7398	7346	7254	7267	7431	7433	7427	7167	7177	7186	6990	7024	7027	7045	7029	7020	7037	7010	7030	7026	6986	6984	7011	7086	7058	7171	6109	7601	8152	8216	7216	7579	6487	7109	7207	7007	6375	6969	7176	7439	8410	7076	6667	7164	6546	6900	6537	7613	6786	7643
Astsub1.aa	6410	6593	7411	7391	8759	6446	7388	7310	6643	6765	5727	7307	7229	7128	7192	6657	7274	7233	7204	7104	7172	6908	7270	7211	6834	7259	7279	7091	7220	7200	7051	7262	7241	7133	7193	7182	7181	7074	7278	6830	7191	6226	6640	7417	7086	7105	7146	7308	7378	7353	6614	5608	6969	7067	7019	7175	6661	7141	6740	6967	7238	7207	7118	7164	7302	7306	7305	7031	7038	7055	6832	6877	6870	6884	6879	6869	6863	6849	6869	6860	6840	6824	6861	6925	6910	7053	5965	7927	7458	7525	7153	7917	6412	7068	7174	6966	6211	6873	7333	7245	7359	6922	6532	7135	6452	6804	6401	7510	6666	8084
Beaba1.aa	6349	6522	6542	6516	6446	7979	6501	6465	6279	6365	5536	6950	6859	6781	6836	6433	6926	6891	6843	6766	6828	6577	6920	6877	6585	6900	6917	6755	6877	6870	6746	6910	6892	6805	6852	6815	6821	6742	6925	6518	6824	6991	6196	6530	6946	6981	7025	6453	6494	6489	6195	5728	6847	6957	6908	7028	6371	6818	6451	6660	6893	6876	6774	6853	6947	6946	6944	6694	6704	6715	6545	6584	6580	6595	6592	6571	6580	6563	6592	6584	6548	6537	6576	6624	6618	6730	5800	6569	6546	6573	7045	6573	6775	6597	6659	6814	6031	6670	6334	6564	6493	6644	6206	6839	6549	6852	6505	6789	6468	6588
Bisma1.aa	6449	6648	7710	7697	7388	6501	8869	8185	6683	6836	5830	7437	7368	7261	7326	6809	7407	7375	7335	7258	7304	7050	7419	7323	6981	7400	7406	7234	7338	7339	7214	7401	7392	7271	7318	7292	7318	7196	7416	6957	7308	6263	6768	8250	7155	7170	7218	7597	7670	7643	6748	5710	7057	7129	7097	7245	6787	7251	6865	7099	7394	7333	7257	7285	7427	7433	7427	7160	7168	7181	6994	7032	7027	7046	7037	7027	7038	7011	7040	7021	6995	6989	7018	7097	7053	7190	6072	7653	7721	7766	7241	7632	6484	7134	7217	7036	6356	6978	7178	7483	7659	7083	6642	7138	6512	6862	6479	7632	6795	7691
Bismed1.aa	6426	6625	7640	7618	7310	6465	8185	8742	6649	6788	5825	7395	7329	7202	7252	6783	7383	7327	7251	7191	7272	7008	7356	7265	6953	7360	7380	7188	7294	7289	7164	7372	7354	7235	7288	7233	7241	7130	7372	6916	7250	6223	6736	8384	7101	7111	7162	7555	7627	7597	6718	5710	7023	7086	7054	7215	6750	7201	6805	7058	7341	7304	7221	7250	7394	7396	7387	7134	7144	7156	6965	7006	7005	7018	7009	6992	7007	6986	7009	6992	6970	6967	6985	7071	7032	7141	6083	7562	7648	7696	7176	7544	6413	7094	7171	6988	6352	6942	7151	7445	7599	7071	6630	7063	6471	6783	6445	7556	6772	7610
Chafu1.aa	6258	6381	6713	6695	6643	6279	6683	6649	7950	7423	6062	6921	6848	6831	6883	6406	6898	6868	6892	6813	6787	6525	6907	6867	6557	6876	6892	6799	6830	6863	6701	6881	6886	6763	6806	6852	6869	6775	6891	6519	6874	6058	6340	6718	6810	6825	6859	6643	6674	6681	6290	5561	6713	6789	6721	6870	6343	6790	6462	6681	6864	6819	6724	6816	6938	6950	6944	6660	6670	6686	6502	6546	6544	6559	6550	6541	6543	6505	6535	6542	6502	6493	6530	6578	6561	6755	5888	6762	6741	6773	6881	6757	6262	6639	6709	6666	6164	6658	6503	6752	6682	6588	6677	6810	6245	6565	6259	6910	6459	6778
Chame1.aa	6354	6510	6870	6845	6765	6365	6836	6788	7423	8357	6133	7180	7103	6989	7059	6558	7164	7123	7087	6987	7046	6775	7140	7075	6736	7131	7155	6978	7072	7069	6914	7145	7146	7015	7063	7042	7061	6958	7150	6723	7066	6132	6452	6882	7030	7062	7102	6787	6833	6827	6439	5618	6941	7031	6967	7105	6547	7002	6631	6858	7133	7074	6983	7059	7191	7201	7196	6913	6921	6937	6722	6772	6762	6773	6775	6763	6766	6725	6759	6761	6724	6718	6744	6814	6766	6926	5941	6911	6914	6935	7126	6917	6334	6825	6883	6842	6213	6865	6588	6884	6828	6805	6812	7024	6354	6712	6339	7102	6629	6955
Chathe1.aa	5583	5617	5862	5853	5727	5536	5830	5825	6062	6133	6339	5964	5937	5932	5946	5712	5954	5934	5946	5924	5900	5635	5951	5922	5793	5943	5954	5917	5899	5946	5869	5951	5960	5890	5900	5944	5941	5869	5954	5680	5947	5354	5528	5848	5815	5820	5822	5826	5839	5849	5537	5103	5814	5784	5781	5879	5537	5903	5633	5832	5911	5916	5806	5907	5982	5985	5993	5784	5796	5806	5700	5740	5740	5747	5746	5733	5720	5722	5726	5740	5710	5704	5726	5771	5770	5902	5306	5821	5847	5868	5830	5808	5526	5815	5838	5760	5522	5818	5724	5898	5831	5811	5971	5804	5527	5677	5537	5924	5718	5837
Colab1.aa	6814	7201	7466	7435	7307	6950	7437	7395	6921	7180	5964	13276	10203	8891	9108	8046	12437	11805	9014	8881	10234	8997	10555	9281	8499	11365	12134	8876	10510	10118	9013	12146	10072	9903	10234	8982	8998	8796	12456	8698	8949	6680	7140	7546	8105	8180	8271	7331	7409	7369	7255	5907	7878	8155	8029	8214	8543	9069	8448	8776	9524	9903	9301	9261	9413	9384	9373	10045	10064	10113	8636	8689	8682	8697	8696	8673	8687	8654	8693	8686	8665	8645	8674	8800	9158	8813	6391	7491	7492	7558	8322	7467	6922	7579	7691	7913	6674	7960	7032	7681	7410	9155	6882	7828	6988	7418	6863	8008	7602	7517
Colac2.aa	6744	7113	7384	7361	7229	6859	7368	7329	6848	7103	5937	10203	10761	8708	8887	7929	10203	10019	8834	8702	9770	8803	9884	9040	8354	9978	10138	8677	9824	9483	8782	10168	9774	9564	9770	8763	8794	8585	10209	8525	8778	6587	7056	7466	7987	8042	8133	7250	7330	7291	7176	5868	7751	8002	7898	8055	8342	8880	8255	8582	9243	9608	9056	8982	9130	9137	9123	9588	9606	9635	8474	8527	8519	8528	8535	8510	8527	8492	8529	8529	8489	8486	8513	8639	8972	8594	6326	7407	7408	7472	8172	7388	6825	7480	7598	7785	6613	7857	6977	7602	7328	8972	6809	7726	6895	7317	6791	7906	7494	7432
Colca1.aa	6694	7002	7271	7238	7128	6781	7261	7202	6831	6989	5932	8891	8708	10809	9251	7862	8829	8777	9259	9165	8633	8272	8823	8886	8324	8753	8819	9203	8695	8772	8437	8802	8778	8612	8638	9577	9253	8916	8839	8448	9541	6490	6938	7310	7677	7734	7785	7169	7214	7193	7016	5849	7560	7712	7635	7789	8241	8693	8257	8494	8709	8662	8532	8636	8757	8744	8744	8449	8464	8489	8081	8120	8127	8128	8126	8111	8134	8078	8148	8119	8064	8060	8123	8244	8179	9405	6236	7279	7287	7341	7810	7274	6753	7354	7454	7487	6524	7638	6930	7495	7208	8222	6801	7579	6796	7189	6727	7710	7363	7323
Colce1.aa	6716	7056	7333	7307	7192	6836	7326	7252	6883	7059	5946	9108	8887	9251	10801	7960	9033	8969	9345	9230	8809	8422	9041	9108	8455	8939	9025	9258	8900	8931	8588	9018	8945	8794	8829	9319	9355	8972	9047	8639	9302	6556	7002	7379	7773	7855	7912	7212	7268	7247	7081	5869	7651	7841	7734	7910	8423	8881	8396	8659	8904	8835	8680	8831	8925	8926	8922	8635	8650	8673	8206	8249	8244	8261	8258	8239	8256	8210	8251	8241	8200	8204	8240	8366	8320	9365	6279	7334	7362	7407	7928	7338	6794	7429	7545	7585	6565	7734	6966	7568	7282	8368	6840	7636	6850	7265	6777	7809	7446	7393
Colch1.aa	6379	6627	6850	6811	6657	6433	6809	6783	6406	6558	5712	8046	7929	7862	7960	8241	8021	7974	7933	7860	7914	7599	7977	8102	8178	7997	8024	7889	7944	7938	7837	8024	7983	7884	7932	7917	7916	7776	8014	7736	7906	6201	6538	6855	7146	7207	7224	6742	6779	6776	6654	5627	7107	7177	7140	7280	7570	8021	7562	7843	7930	7963	7807	7990	8037	8049	8044	7754	7766	7773	7545	7587	7589	7586	7592	7586	7590	7567	7591	7594	7556	7557	7580	7654	7641	7864	5936	6790	6829	6871	7235	6777	6403	6916	6985	7031	6228	7192	6528	7034	6779	7663	6438	7003	6426	6724	6372	7188	6984	6820
Colco1.aa	6803	7173	7448	7410	7274	6926	7407	7383	6898	7164	5954	12437	10203	8829	9033	8021	13656	12099	8961	8834	10211	8990	10464	9244	8467	11291	12611	8836	10446	10186	8989	12627	10347	9926	10335	8905	8937	8717	12958	8653	8911	6656	7122	7524	8068	8137	8231	7306	7385	7353	7249	5901	7869	8117	8005	8195	8480	9032	8423	8755	9520	9885	9281	9220	9374	9359	9334	10095	10115	10147	8629	8675	8671	8687	8683	8660	8676	8641	8679	8674	8651	8638	8659	8792	9156	8783	6379	7459	7470	7536	8285	7440	6895	7543	7648	7884	6669	7935	7016	7654	7381	9147	6873	7801	6968	7399	6849	7988	7575	7486
Colcu1.aa	6775	7124	7403	7366	7233	6891	7375	7327	6868	7123	5934	11805	10019	8777	8969	7974	12099	13134	8896	8772	10076	8839	10301	9171	8412	10978	12046	8760	10263	10026	8876	12129	10174	9813	10161	8843	8855	8658	12087	8589	8861	6618	7068	7464	7995	8064	8137	7262	7342	7307	7197	5874	7794	8040	7919	8108	8418	8945	8363	8693	9360	9669	9122	9078	9266	9257	9239	9889	9904	9935	8525	8581	8575	8586	8591	8558	8585	8548	8582	8573	8539	8530	8563	8682	9045	8725	6342	7414	7427	7486	8197	7401	6871	7484	7596	7809	6641	7867	6977	7616	7346	9038	6842	7748	6924	7344	6807	7920	7531	7444
Coler1.aa	6712	7045	7351	7302	7204	6843	7335	7251	6892	7087	5946	9014	8834	9259	9345	7933	8961	8896	11004	9242	8769	8409	8946	9026	8390	8889	8954	9227	8831	8860	8545	8945	8895	8722	8782	9323	10101	9320	8970	8565	9370	6556	7011	7372	7783	7833	7900	7218	7282	7263	7077	5872	7659	7793	7719	7890	8361	8837	8329	8602	8868	8794	8649	8764	8900	8901	8887	8600	8609	8636	8192	8240	8245	8240	8249	8230	8252	8209	8256	8236	8190	8193	8226	8346	8305	9345	6281	7351	7378	7431	7908	7357	6797	7438	7545	7593	6568	7720	6974	7546	7276	8330	6843	7687	6869	7277	6772	7795	7422	7391
Colfa1.aa	6664	6984	7263	7230	7104	6766	7258	7191	6813	6987	5924	8881	8702	9165	9230	7860	8834	8772	9242	10358	8641	8257	8789	8868	8313	8766	8831	9131	8700	8739	8422	8823	8766	8598	8644	9219	9265	8909	8839	8431	9240	6487	6916	7303	7658	7720	7775	7150	7213	7181	6992	5845	7553	7704	7615	7768	8204	8688	8242	8498	8711	8658	8517	8617	8738	8734	8721	8459	8470	8492	8064	8114	8116	8119	8120	8106	8127	8080	8133	8115	8068	8078	8103	8226	8195	9251	6231	7259	7292	7341	7794	7253	6722	7328	7438	7479	6520	7633	6904	7471	7193	8223	6804	7568	6770	7162	6697	7666	7353	7296
Colfi1.aa	6711	7061	7348	7316	7172	6828	7304	7272	6787	7046	5900	10234	9770	8633	8809	7914	10211	10076	8769	8641	10639	8830	9793	9043	8324	9838	10210	8647	9971	9490	8809	10241	9684	9698	9976	8725	8726	8568	10202	8515	8719	6569	7011	7407	7917	8018	8103	7221	7292	7248	7169	5826	7732	7976	7872	8049	8351	8887	8259	8588	9268	9632	9114	8988	9120	9137	9119	9944	9963	9978	8522	8569	8569	8579	8578	8556	8578	8542	8570	8568	8539	8538	8559	8670	9111	8576	6293	7352	7374	7427	8138	7326	6809	7456	7534	7766	6576	7808	6921	7554	7281	9055	6783	7668	6895	7287	6763	7864	7454	7388
Colgl1.aa	6432	6799	7091	7057	6908	6577	7050	7008	6525	6775	5635	8997	8803	8272	8422	7599	8990	8839	8409	8257	8830	10486	8882	8699	7962	8871	8985	8284	8876	8656	8635	8990	8835	8716	8838	8343	8375	8212	8953	8130	8362	6311	6785	7146	7694	7765	7850	6945	7011	6987	6933	5570	7459	7762	7623	7807	7987	8575	7913	8208	9980	8918	9746	8816	8995	9012	8983	8652	8665	8668	9040	9071	9069	9090	9081	9036	9022	8993	9046	9052	8973	8993	9063	9196	8312	8197	6052	7080	7123	7179	7881	7073	6552	7183	7281	7504	6304	7545	6635	7284	7013	8346	6502	7400	6657	7039	6496	7614	7190	7120
Colgo1.aa	6781	7165	7415	7395	7270	6920	7419	7356	6907	7140	5951	10555	9884	8823	9041	7977	10464	10301	8946	8789	9793	8882	11457	9173	8421	9927	10398	8785	9918	9800	8877	10394	9987	9776	9782	8903	8892	8678	10476	8600	8875	6628	7111	7518	8053	8138	8227	7288	7359	7330	7230	5884	7821	8117	7970	8138	8444	8968	8346	8675	9364	9652	9148	9096	9246	9239	9234	9612	9629	9667	8546	8591	8594	8604	8598	8588	8599	8569	8591	8592	8566	8565	8583	8722	9013	8676	6344	7451	7445	7516	8262	7436	6885	7545	7661	7851	6655	7919	7011	7661	7359	9154	6855	7779	6938	7377	6820	7984	7568	7468
Colhig2.aa	6727	7102	7357	7305	7211	6877	7323	7265	6867	7075	5922	9281	9040	8886	9108	8102	9244	9171	9026	8868	9043	8699	9173	10823	8684	9122	9254	8898	9114	9045	8831	9232	9117	8995	9066	8942	8992	8808	9233	8744	8972	6592	7012	7407	7880	7985	8053	7221	7271	7253	7142	5869	7728	7949	7854	8014	8567	9726	8855	9746	9146	9058	8961	9050	9170	9162	9141	8857	8873	8892	8462	8505	8515	8508	8508	8510	8502	8469	8504	8506	8435	8450	8501	8614	8528	8858	6274	7350	7379	7442	8074	7365	6830	7446	7554	7719	6588	7868	6947	7566	7275	8556	6812	7706	6910	7300	6792	7867	7505	7412
Colin1.aa	6502	6787	7019	6975	6834	6585	6981	6953	6557	6736	5793	8499	8354	8324	8455	8178	8467	8412	8390	8313	8324	7962	8421	8684	8923	8426	8473	8337	8360	8353	8179	8473	8415	8289	8340	8379	8390	8208	8465	8243	8374	6339	6688	7045	7372	7449	7473	6912	6953	6942	6816	5710	7299	7410	7354	7502	8165	8537	7996	8319	8329	8384	8195	8364	8419	8425	8417	8171	8183	8194	7850	7895	7894	7897	7903	7895	7907	7878	7901	7902	7857	7862	7889	7972	7989	8338	6060	6968	7020	7053	7487	6961	6535	7100	7176	7254	6355	7409	6667	7221	6948	8012	6564	7221	6589	6915	6515	7408	7160	7009
Collu1.aa	6773	7153	7428	7393	7259	6900	7400	7360	6876	7131	5943	11365	9978	8753	8939	7997	11291	10978	8889	8766	9838	8871	9927	9122	8426	11904	11251	8765	9928	9668	8873	11263	9854	9619	9879	8824	8847	8624	11292	8576	8834	6632	7096	7505	8013	8089	8166	7285	7367	7334	7218	5894	7811	8055	7939	8117	8380	8970	8334	8646	9331	9693	9137	9066	9220	9218	9193	9713	9724	9729	8537	8585	8582	8597	8595	8575	8602	8564	8592	8578	8548	8550	8571	8716	9056	8675	6347	7443	7449	7499	8224	7414	6868	7510	7625	7827	6639	7897	6996	7644	7363	9046	6844	7761	6934	7356	6816	7959	7549	7465
Colme1.aa	6804	7158	7443	7413	7279	6917	7406	7380	6892	7155	5954	12134	10138	8819	9025	8024	12611	12046	8954	8831	10210	8985	10398	9254	8473	11251	13398	8847	10395	10127	8992	12779	10327	9926	10356	8917	8931	8710	12545	8647	8909	6648	7123	7524	8049	8133	8216	7309	7388	7358	7251	5896	7850	8111	8000	8183	8481	9044	8424	8768	9520	9859	9274	9213	9373	9352	9335	10071	10088	10100	8632	8685	8677	8701	8694	8668	8676	8650	8690	8678	8643	8642	8665	8800	9154	8787	6381	7461	7471	7531	8272	7437	6890	7543	7648	7873	6653	7927	7018	7662	7382	9141	6872	7778	6972	7396	6842	7979	7569	7493
Colna1.aa	6671	6967	7255	7210	7091	6755	7234	7188	6799	6978	5917	8876	8677	9203	9258	7889	8836	8760	9227	9131	8647	8284	8785	8898	8337	8765	8847	10894	8675	8738	8447	8828	8756	8602	8664	9236	9260	8893	8827	8470	9238	6484	6922	7284	7647	7695	7741	7143	7191	7167	7014	5835	7542	7679	7612	7780	8244	8718	8253	8515	8722	8667	8549	8651	8748	8757	8746	8469	8481	8497	8117	8154	8167	8176	8161	8151	8160	8114	8172	8149	8092	8105	8154	8258	8205	9943	6217	7240	7272	7315	7773	7234	6698	7315	7412	7480	6512	7609	6903	7481	7181	8248	6788	7534	6782	7153	6707	7683	7343	7285
Colny1.aa	6733	7097	7374	7342	7220	6877	7338	7294	6830	7072	5899	10510	9824	8695	8900	7944	10446	10263	8831	8700	9971	8876	9918	9114	8360	9928	10395	8675	10966	9598	8845	10399	9737	9720	10150	8797	8801	8644	10456	8554	8778	6603	7040	7440	7977	8080	8158	7234	7320	7279	7188	5843	7789	8036	7918	8097	8395	8943	8311	8633	9337	9750	9155	9047	9182	9181	9169	9790	9811	9842	8549	8601	8599	8614	8609	8592	8608	8573	8607	8604	8574	8561	8587	8717	9078	8606	6316	7379	7393	7463	8207	7361	6843	7478	7590	7823	6603	7848	6950	7584	7322	9059	6797	7714	6907	7309	6779	7898	7504	7409
Color1.aa	6755	7090	7362	7319	7200	6870	7339	7289	6863	7069	5946	10118	9483	8772	8931	7938	10186	10026	8860	8739	9490	8656	9800	9045	8353	9668	10127	8738	9598	11041	8768	10140	9728	9463	9531	8832	8839	8644	10180	8512	8818	6599	7039	7423	7879	7931	8010	7240	7306	7280	7159	5875	7691	7915	7801	7987	8331	8856	8308	8629	9139	9319	8941	8984	9135	9113	9096	9292	9305	9334	8396	8439	8430	8434	8444	8430	8435	8416	8433	8437	8395	8399	8427	8549	8784	8693	6312	7379	7381	7432	8041	7363	6858	7434	7537	7701	6613	7794	6958	7585	7294	8815	6839	7671	6890	7294	6796	7858	7486	7402
Colorb1.aa	6638	6960	7235	7187	7051	6746	7214	7164	6701	6914	5869	9013	8782	8437	8588	7837	8989	8876	8545	8422	8809	8635	8877	8831	8179	8873	8992	8447	8845	8768	9666	8981	8847	8745	8836	8511	8520	8346	8968	8266	8509	6476	6913	7294	7693	7754	7817	7122	7171	7154	7084	5794	7579	7749	7692	7850	8105	8738	8130	8415	9050	8824	8883	8867	9034	9029	9013	8643	8655	8656	8399	8458	8445	8463	8466	8442	8473	8430	8468	8459	8414	8422	8435	8560	8363	8406	6209	7212	7253	7296	7850	7220	6716	7293	7381	7554	6489	7652	6837	7414	7152	8385	6688	7479	6799	7151	6683	7693	7343	7258
Colpa1.aa	6797	7149	7441	7413	7262	6910	7401	7372	6881	7145	5951	12146	10168	8802	9018	8024	12627	12129	8945	8823	10241	8990	10394	9232	8473	11263	12779	8828	10399	10140	8981	13398	10341	9911	10361	8893	8910	8683	12589	8638	8898	6645	7113	7516	8035	8116	8202	7305	7381	7349	7247	5894	7848	8104	7993	8173	8477	9032	8417	8756	9505	9836	9265	9188	9352	9332	9317	10091	10109	10105	8618	8669	8662	8684	8675	8655	8674	8644	8673	8674	8642	8640	8652	8796	9153	8775	6370	7448	7465	7522	8258	7422	6884	7537	7636	7868	6653	7921	7014	7648	7381	9139	6868	7766	6954	7379	6834	7963	7557	7472
Colph1.aa	6774	7154	7415	7390	7241	6892	7392	7354	6886	7146	5960	10072	9774	8778	8945	7983	10347	10174	8895	8766	9684	8835	9987	9117	8415	9854	10327	8756	9737	9728	8847	10341	11153	9662	9706	8864	8867	8644	10335	8571	8845	6620	7107	7504	8014	8078	8161	7292	7358	7328	7226	5904	7800	8045	7943	8092	8403	8964	8331	8653	9288	9572	9095	9075	9206	9198	9188	9504	9521	9536	8520	8559	8559	8567	8567	8549	8568	8537	8557	8564	8525	8516	8558	8682	8979	8682	6348	7428	7448	7494	8207	7406	6879	7523	7624	7815	6637	7893	7004	7653	7354	9054	6858	7762	6940	7363	6828	7966	7531	7465
Colsa1.aa	6695	7038	7300	7271	7133	6805	7271	7235	6763	7015	5890	9903	9564	8612	8794	7884	9926	9813	8722	8598	9698	8716	9776	8995	8289	9619	9926	8602	9720	9463	8745	9911	9662	10471	9694	8685	8689	8554	9924	8477	8683	6530	6996	7374	7878	7945	8025	7175	7242	7210	7135	5817	7680	7907	7797	7965	8303	8836	8215	8546	9147	9452	8994	8903	9058	9062	9047	9439	9452	9472	8445	8497	8501	8510	8509	8482	8518	8484	8506	8510	8474	8470	8489	8615	8925	8537	6271	7309	7323	7379	8050	7287	6801	7410	7493	7707	6569	7753	6893	7529	7243	9011	6762	7615	6855	7230	6726	7808	7442	7345
Colsi1.aa	6731	7079	7362	7333	7193	6852	7318	7288	6806	7063	5900	10234	9770	8638	8829	7932	10335	10161	8782	8644	9976	8838	9782	9066	8340	9879	10356	8664	10150	9531	8836	10361	9706	9694	10693	8739	8742	8579	10292	8527	8745	6580	7031	7437	7950	8032	8110	7234	7311	7279	7186	5852	7771	8001	7895	8075	8349	8898	8295	8610	9283	9706	9111	9001	9136	9148	9128	9781	9800	9803	8526	8577	8576	8589	8586	8567	8582	8557	8589	8579	8551	8541	8565	8694	9084	8595	6309	7364	7391	7450	8154	7341	6833	7461	7555	7794	6584	7826	6949	7568	7307	9050	6790	7693	6912	7305	6783	7871	7480	7394
Colso1.aa	6718	7058	7312	7279	7182	6815	7292	7233	6852	7042	5944	8982	8763	9577	9319	7917	8905	8843	9323	9219	8725	8343	8903	8942	8379	8824	8917	9236	8797	8832	8511	8893	8864	8685	8739	10908	9313	8974	8912	8530	9748	6527	6985	7354	7743	7819	7874	7203	7260	7233	7072	5870	7632	7793	7702	7865	8337	8770	8287	8537	8818	8751	8609	8714	8840	8849	8831	8552	8568	8588	8136	8180	8184	8189	8187	8170	8193	8154	8200	8183	8147	8136	8173	8299	8267	9379	6272	7321	7341	7383	7894	7328	6782	7414	7539	7557	6552	7713	6953	7537	7239	8298	6816	7654	6836	7253	6750	7774	7398	7362
Colsu1.aa	6699	7038	7325	7284	7181	6821	7318	7241	6869	7061	5941	8998	8794	9253	9355	7916	8937	8855	10101	9265	8726	8375	8892	8992	8390	8847	8931	9260	8801	8839	8520	8910	8867	8689	8742	9313	11056	9487	8940	8543	9332	6535	6998	7354	7764	7813	7876	7204	7255	7230	7059	5867	7639	7796	7706	7868	8334	8806	8331	8571	8860	8772	8649	8762	8871	8875	8852	8553	8565	8591	8179	8231	8224	8231	8241	8216	8240	8191	8236	8212	8173	8179	8216	8325	8261	9358	6267	7331	7351	7402	7889	7326	6771	7413	7520	7558	6538	7710	6952	7532	7254	8288	6836	7658	6850	7252	6757	7771	7396	7373
Colsub1.aa	6620	6948	7211	7171	7074	6742	7196	7130	6775	6958	5869	8796	8585	8916	8972	7776	8717	8658	9320	8909	8568	8212	8678	8808	8208	8624	8710	8893	8644	8644	8346	8683	8644	8554	8579	8974	9487	9881	8728	8380	8980	6465	6883	7231	7620	7673	7735	7096	7147	7118	6975	5808	7507	7642	7556	7723	8190	8638	8183	8414	8632	8588	8465	8573	8682	8673	8660	8392	8404	8436	8072	8125	8120	8128	8136	8109	8137	8078	8140	8113	8067	8066	8111	8215	8160	8844	6184	7216	7239	7279	7730	7208	6695	7285	7396	7444	6466	7550	6849	7403	7146	8178	6723	7522	6768	7112	6674	7637	7302	7254
Colta1.aa	6797	7177	7436	7404	7278	6925	7416	7372	6891	7150	5954	12456	10209	8839	9047	8014	12958	12087	8970	8839	10202	8953	10476	9233	8465	11292	12545	8827	10456	10180	8968	12589	10335	9924	10292	8912	8940	8728	13664	8659	8905	6661	7119	7521	8055	8126	8225	7298	7376	7343	7230	5896	7851	8113	7988	8173	8493	9031	8408	8751	9485	9844	9247	9209	9366	9334	9316	10063	10077	10116	8606	8654	8651	8666	8661	8642	8652	8619	8665	8655	8633	8621	8639	8765	9139	8766	6373	7458	7465	7523	8277	7432	6896	7551	7652	7876	6669	7932	7011	7653	7378	9131	6870	7797	6967	7394	6843	7974	7576	7487
Colto1.aa	6419	6752	6984	6939	6830	6518	6957	6916	6519	6723	5680	8698	8525	8448	8639	7736	8653	8589	8565	8431	8515	8130	8600	8744	8243	8576	8647	8470	8554	8512	8266	8638	8571	8477	8527	8530	8543	8380	8659	9337	8508	6231	6679	7026	7489	7569	7623	6864	6919	6897	6813	5567	7344	7529	7434	7600	8528	8575	8023	8298	8561	8533	8392	8526	8580	8590	8575	8329	8347	8369	7972	8014	8017	8027	8022	8013	8026	7986	8021	8013	7981	7977	8000	8128	8077	8462	5991	6977	6984	7065	7630	6981	6502	7098	7207	7335	6284	7448	6602	7203	6922	8104	6485	7299	6566	6910	6459	7471	7153	7025
Colzo1.aa	6725	7055	7334	7297	7191	6824	7308	7250	6874	7066	5947	8949	8778	9541	9302	7906	8911	8861	9370	9240	8719	8362	8875	8972	8374	8834	8909	9238	8778	8818	8509	8898	8845	8683	8745	9748	9332	8980	8905	8508	10844	6547	6987	7374	7754	7816	7878	7214	7272	7248	7062	5877	7644	7802	7721	7888	8294	8790	8311	8566	8819	8737	8623	8706	8839	8854	8836	8551	8563	8581	8150	8190	8198	8198	8198	8188	8216	8162	8216	8191	8147	8140	8182	8305	8265	9379	6288	7334	7358	7405	7900	7331	6784	7417	7525	7558	6563	7722	6970	7540	7262	8292	6848	7651	6849	7254	6764	7771	7411	7389
Cormi1.aa	6135	6294	6304	6266	6226	6991	6263	6223	6058	6132	5354	6680	6587	6490	6556	6201	6656	6618	6556	6487	6569	6311	6628	6592	6339	6632	6648	6484	6603	6599	6476	6645	6620	6530	6580	6527	6535	6465	6661	6231	6547	7489	5991	6287	6638	6661	6699	6214	6228	6238	5976	5529	6595	6647	6614	6742	6090	6547	6206	6423	6608	6594	6484	6556	6658	6659	6659	6449	6454	6461	6290	6325	6325	6336	6330	6320	6321	6309	6335	6332	6306	6297	6321	6367	6376	6477	5611	6355	6303	6331	6744	6331	6491	6361	6419	6543	5856	6414	6103	6333	6269	6394	5989	6566	6280	6569	6248	6511	6243	6344
Crypa2.aa	6104	6316	6812	6801	6640	6196	6768	6736	6340	6452	5528	7140	7056	6938	7002	6538	7122	7068	7011	6916	7011	6785	7111	7012	6688	7096	7123	6922	7040	7039	6913	7113	7107	6996	7031	6985	6998	6883	7119	6679	6987	5991	8122	6827	6879	6895	6958	6725	6764	6755	6866	5445	6781	6884	6834	6957	6519	6950	6552	6766	7111	7048	6975	7008	7143	7144	7143	6873	6884	6899	6723	6767	6763	6772	6774	6751	6768	6738	6769	6760	6730	6722	6748	6817	6773	6883	5879	6813	6833	6866	6967	6814	6183	6736	6796	6725	6145	6662	6476	6962	6772	6809	6342	6774	6256	6608	6209	7146	6428	6830
CtCBS203_1.aa	6469	6697	7746	7738	7417	6530	8250	8384	6718	6882	5848	7546	7466	7310	7379	6855	7524	7464	7372	7303	7407	7146	7518	7407	7045	7505	7524	7284	7440	7423	7294	7516	7504	7374	7437	7354	7354	7231	7521	7026	7374	6287	6827	9027	7249	7264	7330	7624	7700	7671	6791	5722	7136	7257	7188	7353	6872	7320	6908	7168	7493	7443	7368	7383	7531	7538	7526	7276	7286	7298	7086	7121	7118	7137	7122	7114	7123	7111	7134	7113	7089	7079	7109	7189	7148	7238	6108	7687	7754	7795	7352	7677	6511	7203	7276	7126	6391	7057	7205	7505	7692	7190	6675	7212	6559	6922	6508	7698	6830	7725
Cylol1.aa	6851	7235	7189	7142	7086	6946	7155	7101	6810	7030	5815	8105	7987	7677	7773	7146	8068	7995	7783	7658	7917	7694	8053	7880	7372	8013	8049	7647	7977	7879	7693	8035	8014	7878	7950	7743	7764	7620	8055	7489	7754	6638	6879	7249	9993	8885	8992	7041	7116	7090	6850	5879	8148	8661	8374	8520	7304	7759	7244	7529	8109	7944	7945	7924	8047	8045	8031	7755	7769	7788	7536	7570	7567	7579	7577	7558	7585	7545	7584	7566	7539	7518	7563	7636	7544	7586	6251	7261	7209	7282	8988	7267	6958	7379	7529	8320	6497	7675	6816	7302	7156	7586	6664	7848	7048	7526	6892	7737	7258	7307
Daces1.aa	6850	7249	7196	7163	7105	6981	7170	7111	6825	7062	5820	8180	8042	7734	7855	7207	8137	8064	7833	7720	8018	7765	8138	7985	7449	8089	8133	7695	8080	7931	7754	8116	8078	7945	8032	7819	7813	7673	8126	7569	7816	6661	6895	7264	8885	10545	9875	7064	7148	7124	6908	5889	8160	8773	8449	8558	7409	7860	7319	7591	8185	8029	8017	8007	8126	8124	8101	7852	7864	7885	7596	7645	7644	7649	7650	7629	7648	7616	7656	7636	7599	7586	7626	7713	7607	7622	6254	7255	7213	7300	9437	7275	6972	7454	7603	8469	6527	7747	6830	7359	7145	7637	6681	7903	7055	7545	6895	7791	7312	7316
Dacma1.aa	6891	7284	7254	7207	7146	7025	7218	7162	6859	7102	5822	8271	8133	7785	7912	7224	8231	8137	7900	7775	8103	7850	8227	8053	7473	8166	8216	7741	8158	8010	7817	8202	8161	8025	8110	7874	7876	7735	8225	7623	7878	6699	6958	7330	8992	9875	10932	7101	7181	7149	6956	5906	8233	8906	8541	8674	7454	7920	7364	7645	8286	8107	8122	8090	8226	8226	8199	7934	7949	7970	7683	7724	7719	7724	7729	7709	7714	7687	7727	7711	7670	7662	7703	7786	7663	7675	6273	7322	7273	7341	9635	7344	7032	7520	7681	8524	6539	7803	6856	7386	7209	7696	6700	8005	7113	7638	6942	7844	7344	7370
Dalba1.aa	6428	6570	8034	8031	7308	6453	7597	7555	6643	6787	5826	7331	7250	7169	7212	6742	7306	7262	7218	7150	7221	6945	7288	7221	6912	7285	7309	7143	7234	7240	7122	7305	7292	7175	7234	7203	7204	7096	7298	6864	7214	6214	6725	7624	7041	7064	7101	8670	8349	8317	6662	5698	6974	7044	7026	7173	6700	7143	6754	7020	7277	7234	7152	7189	7319	7331	7325	7072	7081	7093	6903	6942	6946	6952	6947	6928	6943	6917	6940	6937	6897	6901	6926	7002	6963	7099	6031	7526	8014	8038	7113	7496	6436	7061	7142	6925	6313	6895	7149	7366	7982	6993	6642	7088	6494	6816	6462	7516	6735	7577
Dalloc1.aa	6461	6610	8128	8119	7378	6494	7670	7627	6674	6833	5839	7409	7330	7214	7268	6779	7385	7342	7282	7213	7292	7011	7359	7271	6953	7367	7388	7191	7320	7306	7171	7381	7358	7242	7311	7260	7255	7147	7376	6919	7272	6228	6764	7700	7116	7148	7181	8349	8887	8524	6709	5716	7029	7121	7075	7229	6748	7202	6813	7060	7340	7322	7212	7264	7388	7395	7389	7145	7157	7169	6965	7002	7001	7007	7006	6989	7011	6979	7001	7002	6958	6958	6984	7065	7041	7161	6071	7586	8111	8153	7190	7586	6470	7124	7213	6984	6367	6958	7176	7406	8055	7058	6665	7152	6534	6857	6501	7589	6778	7640
Dalver1.aa	6450	6611	8093	8075	7353	6489	7643	7597	6681	6827	5849	7369	7291	7193	7247	6776	7353	7307	7263	7181	7248	6987	7330	7253	6942	7334	7358	7167	7279	7280	7154	7349	7328	7210	7279	7233	7230	7118	7343	6897	7248	6238	6755	7671	7090	7124	7149	8317	8524	8796	6701	5709	7022	7084	7057	7210	6722	7184	6804	7050	7316	7280	7191	7227	7364	7377	7365	7112	7122	7133	6948	6984	6983	6999	6990	6970	6981	6961	6981	6979	6938	6944	6969	7048	7012	7133	6072	7576	8063	8126	7167	7548	6465	7106	7176	6957	6340	6930	7174	7391	8019	7030	6662	7127	6521	6860	6494	7573	6752	7621
Diaam1.aa	6103	6326	6766	6725	6614	6195	6748	6718	6290	6439	5537	7255	7176	7016	7081	6654	7249	7197	7077	6992	7169	6933	7230	7142	6816	7218	7251	7014	7188	7159	7084	7247	7226	7135	7186	7072	7059	6975	7230	6813	7062	5976	6866	6791	6850	6908	6956	6662	6709	6701	8137	5445	6805	6908	6863	7009	6654	7124	6680	6901	7247	7202	7133	7123	7254	7257	7252	7028	7044	7048	6959	7005	7006	7009	7011	6983	7006	6969	7005	6993	6978	6979	6987	7039	7006	6967	5832	6744	6781	6818	6978	6747	6207	6724	6768	6787	6083	6711	6441	6970	6696	7034	6257	6794	6216	6477	6144	7172	6499	6808
Escweb1.aa	5644	5685	5752	5721	5608	5728	5710	5710	5561	5618	5103	5907	5868	5849	5869	5627	5901	5874	5872	5845	5826	5570	5884	5869	5710	5894	5896	5835	5843	5875	5794	5894	5904	5817	5852	5870	5867	5808	5896	5567	5877	5529	5445	5722	5879	5889	5906	5698	5716	5709	5445	6241	5892	5842	5872	5963	5426	5847	5561	5747	5834	5856	5728	5813	5898	5905	5898	5707	5715	5722	5620	5657	5664	5664	5659	5640	5663	5645	5666	5658	5634	5630	5648	5703	5733	5824	5199	5728	5729	5740	5909	5722	5719	5694	5717	5791	5385	5712	5638	5738	5709	5754	5585	5858	5836	5988	5877	5810	5638	5736
Fusgr1.aa	6838	7138	7097	7041	6969	6847	7057	7023	6713	6941	5814	7878	7751	7560	7651	7107	7869	7794	7659	7553	7732	7459	7821	7728	7299	7811	7850	7542	7789	7691	7579	7848	7800	7680	7771	7632	7639	7507	7851	7344	7644	6595	6781	7136	8148	8160	8233	6974	7029	7022	6805	5892	9378	8684	8709	8867	7162	7632	7165	7421	7835	7767	7680	7750	7848	7851	7832	7578	7593	7606	7355	7395	7391	7407	7398	7375	7401	7365	7401	7387	7348	7353	7383	7464	7403	7493	6161	7113	7110	7155	8259	7100	6849	7333	7428	7934	6427	7475	6757	7200	7050	7432	6622	7687	6914	7309	6822	7530	7150	7144
Fusoxalb1.aa	6793	7250	7162	7123	7067	6957	7129	7086	6789	7031	5784	8155	8002	7712	7841	7177	8117	8040	7793	7704	7976	7762	8117	7949	7410	8055	8111	7679	8036	7915	7749	8104	8045	7907	8001	7793	7796	7642	8113	7529	7802	6647	6884	7257	8661	8773	8906	7044	7121	7084	6908	5842	8684	10901	9122	9673	7382	7832	7297	7554	8186	8006	8018	8003	8101	8088	8072	7821	7838	7853	7596	7640	7634	7652	7647	7624	7650	7607	7657	7628	7610	7596	7621	7712	7583	7604	6218	7220	7190	7263	8874	7248	6950	7450	7597	8180	6459	7723	6788	7292	7137	7627	6627	7943	7033	7517	6845	7776	7262	7270
Fustri1.aa	6784	7206	7148	7080	7019	6908	7097	7054	6721	6967	5781	8029	7898	7635	7734	7140	8005	7919	7719	7615	7872	7623	7970	7854	7354	7939	8000	7612	7918	7801	7692	7993	7943	7797	7895	7702	7706	7556	7988	7434	7721	6614	6834	7188	8374	8449	8541	7026	7075	7057	6863	5872	8709	9122	9794	9130	7272	7744	7228	7494	8028	7890	7880	7872	7967	7968	7954	7706	7721	7735	7485	7523	7525	7541	7526	7513	7527	7501	7538	7519	7479	7481	7518	7595	7509	7546	6188	7170	7145	7223	8541	7162	6895	7375	7475	8086	6433	7600	6788	7251	7093	7540	6614	7776	6952	7402	6830	7683	7191	7214
Fusve2.aa	6935	7283	7303	7251	7175	7028	7245	7215	6870	7105	5879	8214	8055	7789	7910	7280	8195	8108	7890	7768	8049	7807	8138	8014	7502	8117	8183	7780	8097	7987	7850	8173	8092	7965	8075	7865	7868	7723	8173	7600	7888	6742	6957	7353	8520	8558	8674	7173	7229	7210	7009	5963	8867	9673	9130	10543	7405	7909	7374	7652	8214	8072	8054	8042	8159	8164	8132	7880	7898	7909	7661	7707	7704	7713	7711	7688	7707	7677	7709	7695	7656	7661	7696	7780	7679	7720	6316	7322	7312	7378	8708	7324	7021	7529	7642	8240	6576	7732	6910	7388	7245	7710	6727	7941	7101	7570	6984	7809	7334	7370
GCA_001625285.1.aa	6264	6575	6808	6772	6661	6371	6787	6750	6343	6547	5537	8543	8342	8241	8423	7570	8480	8418	8361	8204	8351	7987	8444	8567	8165	8380	8481	8244	8395	8331	8105	8477	8403	8303	8349	8337	8334	8190	8493	8528	8294	6090	6519	6872	7304	7409	7454	6700	6748	6722	6654	5426	7162	7382	7272	7405	9260	8394	7862	8138	8407	8359	8251	8383	8416	8415	8407	8194	8212	8230	7803	7847	7849	7856	7858	7843	7863	7835	7847	7854	7821	7817	7832	7933	7920	8229	5846	6804	6823	6878	7452	6807	6345	6923	7040	7158	6129	7275	6448	7038	6756	7948	6312	7111	6441	6744	6301	7299	6977	6854
GCA_004920355.1.aa	6682	7032	7286	7236	7141	6818	7251	7201	6790	7002	5903	9069	8880	8693	8881	8021	9032	8945	8837	8688	8887	8575	8968	9726	8537	8970	9044	8718	8943	8856	8738	9032	8964	8836	8898	8770	8806	8638	9031	8575	8790	6547	6950	7320	7759	7860	7920	7143	7202	7184	7124	5847	7632	7832	7744	7909	8394	9915	8631	8983	8939	8920	8792	8898	8971	8970	8959	8708	8721	8729	8402	8448	8456	8453	8448	8447	8462	8428	8449	8455	8400	8401	8444	8554	8477	8666	6237	7275	7309	7367	7939	7278	6795	7369	7469	7639	6547	7776	6897	7492	7203	8511	6747	7597	6866	7207	6739	7772	7441	7333
GCA_005350895.1.aa	6353	6656	6873	6837	6740	6451	6865	6805	6462	6631	5633	8448	8255	8257	8396	7562	8423	8363	8329	8242	8259	7913	8346	8855	7996	8334	8424	8253	8311	8308	8130	8417	8331	8215	8295	8287	8331	8183	8408	8023	8311	6206	6552	6908	7244	7319	7364	6754	6813	6804	6680	5561	7165	7297	7228	7374	7862	8631	9237	8481	8312	8290	8163	8256	8356	8365	8367	8124	8133	8151	7749	7794	7811	7797	7795	7796	7809	7762	7801	7802	7745	7749	7798	7892	7857	8243	5903	6878	6882	6929	7370	6884	6417	6934	7011	7146	6189	7271	6562	7063	6814	7905	6432	7134	6448	6778	6381	7269	7023	6915
GCA_006783085.1.aa	6584	6892	7125	7086	6967	6660	7099	7058	6681	6858	5832	8776	8582	8494	8659	7843	8755	8693	8602	8498	8588	8208	8675	9746	8319	8646	8768	8515	8633	8629	8415	8756	8653	8546	8610	8537	8571	8414	8751	8298	8566	6423	6766	7168	7529	7591	7645	7020	7060	7050	6901	5747	7421	7554	7494	7652	8138	8983	8481	9779	8621	8601	8452	8558	8670	8682	8667	8434	8449	8463	8042	8090	8098	8087	8090	8089	8084	8067	8077	8089	8024	8045	8081	8171	8167	8487	6122	7109	7145	7196	7658	7102	6641	7174	7264	7403	6423	7545	6771	7320	7056	8192	6653	7386	6685	7032	6614	7517	7278	7156
GCA_009806415.1.aa	6746	7125	7435	7398	7238	6893	7394	7341	6864	7133	5911	9524	9243	8709	8904	7930	9520	9360	8868	8711	9268	9980	9364	9146	8329	9331	9520	8722	9337	9139	9050	9505	9288	9147	9283	8818	8860	8632	9485	8561	8819	6608	7111	7493	8109	8185	8286	7277	7340	7316	7247	5834	7835	8186	8028	8214	8407	8939	8312	8621	11433	9304	10321	9350	9526	9535	9491	9097	9109	9119	9409	9432	9426	9480	9443	9423	9467	9306	9445	9420	9308	9317	9437	9509	8636	8666	6335	7445	7453	7524	8329	7424	6870	7547	7635	7886	6613	7919	6961	7616	7362	8675	6820	7795	6991	7422	6821	7980	7531	7477
GCA_011075155.1.aa	6741	7100	7366	7346	7207	6876	7333	7304	6819	7074	5916	9903	9608	8662	8835	7963	9885	9669	8794	8658	9632	8918	9652	9058	8384	9693	9859	8667	9750	9319	8824	9836	9572	9452	9706	8751	8772	8588	9844	8533	8737	6594	7048	7443	7944	8029	8107	7234	7322	7280	7202	5856	7767	8006	7890	8072	8359	8920	8290	8601	9304	10145	9146	9031	9124	9135	9120	9510	9525	9572	8572	8611	8602	8619	8618	8603	8618	8586	8623	8616	8576	8567	8602	8728	9007	8598	6308	7378	7401	7460	8152	7356	6836	7478	7558	7787	6600	7842	6954	7592	7312	8995	6801	7703	6906	7311	6783	7883	7504	7406
GCA_011800055.1.aa	6610	7001	7295	7254	7118	6774	7257	7221	6724	6983	5806	9301	9056	8532	8680	7807	9281	9122	8649	8517	9114	9746	9148	8961	8195	9137	9274	8549	9155	8941	8883	9265	9095	8994	9111	8609	8649	8465	9247	8392	8623	6484	6975	7368	7945	8017	8122	7152	7212	7191	7133	5728	7680	8018	7880	8054	8251	8792	8163	8452	10321	9146	10737	9106	9275	9292	9247	8919	8930	8940	9189	9231	9222	9259	9239	9212	9181	9187	9223	9206	9137	9149	9209	9330	8504	8474	6227	7298	7324	7386	8156	7289	6737	7398	7489	7757	6487	7782	6830	7512	7215	8539	6703	7644	6876	7296	6694	7841	7394	7343
GCA_014235925.1.aa	6722	7082	7326	7267	7164	6853	7285	7250	6816	7059	5907	9261	8982	8636	8831	7990	9220	9078	8764	8617	8988	8816	9096	9050	8364	9066	9213	8651	9047	8984	8867	9188	9075	8903	9001	8714	8762	8573	9209	8526	8706	6556	7008	7383	7924	8007	8090	7189	7264	7227	7123	5813	7750	8003	7872	8042	8383	8898	8256	8558	9350	9031	9106	10305	9313	9288	9277	8818	8830	8857	8528	8576	8572	8591	8574	8570	8569	8526	8585	8579	8524	8534	8562	8670	8447	8600	6272	7328	7339	7379	8090	7328	6809	7469	7573	7710	6542	7862	6912	7548	7238	8476	6789	7679	6905	7293	6761	7875	7501	7370
GCA_014235935.1.aa	6818	7178	7480	7431	7302	6947	7427	7394	6938	7191	5982	9413	9130	8757	8925	8037	9374	9266	8900	8738	9120	8995	9246	9170	8419	9220	9373	8748	9182	9135	9034	9352	9206	9058	9136	8840	8871	8682	9366	8580	8839	6658	7143	7531	8047	8126	8226	7319	7388	7364	7254	5898	7848	8101	7967	8159	8416	8971	8356	8670	9526	9124	9275	9313	11538	10981	10881	8932	8949	8962	8634	8697	8684	8695	8707	8685	8696	8664	8703	8689	8647	8649	8669	8803	8559	8687	6359	7472	7501	7544	8242	7499	6915	7561	7682	7819	6670	7991	7033	7675	7398	8589	6894	7819	6992	7434	6863	7994	7602	7523
GCA_014235945.1.aa	6829	7186	7478	7433	7306	6946	7433	7396	6950	7201	5985	9384	9137	8744	8926	8049	9359	9257	8901	8734	9137	9012	9239	9162	8425	9218	9352	8757	9181	9113	9029	9332	9198	9062	9148	8849	8875	8673	9334	8590	8854	6659	7144	7538	8045	8124	8226	7331	7395	7377	7257	5905	7851	8088	7968	8164	8415	8970	8365	8682	9535	9135	9292	9288	10981	11461	10858	8948	8961	8979	8657	8717	8705	8715	8725	8701	8709	8673	8714	8710	8649	8655	8690	8832	8567	8690	6368	7474	7513	7554	8237	7495	6918	7577	7695	7823	6675	7993	7040	7685	7405	8599	6894	7814	6989	7428	6864	8008	7616	7521
GCA_014235955.1.aa	6823	7180	7466	7427	7305	6944	7427	7387	6944	7196	5993	9373	9123	8744	8922	8044	9334	9239	8887	8721	9119	8983	9234	9141	8417	9193	9335	8746	9169	9096	9013	9317	9188	9047	9128	8831	8852	8660	9316	8575	8836	6659	7143	7526	8031	8101	8199	7325	7389	7365	7252	5898	7832	8072	7954	8132	8407	8959	8367	8667	9491	9120	9247	9277	10881	10858	11348	8917	8932	8945	8622	8690	8675	8684	8698	8673	8680	8646	8685	8674	8632	8633	8658	8802	8554	8682	6368	7468	7499	7540	8219	7495	6913	7555	7677	7810	6665	7980	7037	7676	7395	8600	6900	7803	6980	7410	6858	7992	7608	7521
GCA_018906675.1.aa	6581	6918	7202	7167	7031	6694	7160	7134	6660	6913	5784	10045	9588	8449	8635	7754	10095	9889	8600	8459	9944	8652	9612	8857	8171	9713	10071	8469	9790	9292	8643	10091	9504	9439	9781	8552	8553	8392	10063	8329	8551	6449	6873	7276	7755	7852	7934	7072	7145	7112	7028	5707	7578	7821	7706	7880	8194	8708	8124	8434	9097	9510	8919	8818	8932	8948	8917	12471	12429	12381	8339	8384	8386	8397	8392	8367	8377	8359	8381	8387	8351	8355	8372	8481	8867	8408	6174	7202	7228	7281	7975	7174	6670	7298	7373	7604	6449	7657	6792	7413	7135	8856	6641	7513	6735	7134	6619	7700	7301	7229
